group_count: 4
desired_alpha: 0.05
sample_size: 300
effect_size: 0.16700239808153508
residual: 0.832997601918465
current_power: 0.6695208085987269
required_sample_size: 394.8440090922647
adjusted_alpha: 0.052
adjusted_power: 0.8046824882370139
